-499: [ 11, 15, 17, 19, 32 ]
-498: [ 11, 14, 17, 19, 27, 32 ]
-497: [ 32, 36, 49 ]
-494: [ 14, 19, 20, 24, 36 ]
-493: [ 11, 17, 21, 24, 27, 36 ]
-491: [ 21, 24, 32 ]
-489: [ 20, 21, 27, 32 ]
-487: [ 11, 14, 17, 20, 24, 27 ]
-485: [ 11, 14, 15, 20, 21, 36 ]
-483: [ 15, 20, 21, 24, 32, 36, 49 ]
-482: [ 15, 17, 19, 24, 32, 36 ]
-481: [ 17, 19, 20, 27, 32, 36 ]
-479: [ 17, 19 ]
-478: [ 11, 14, 27, 36 ]
-474: [ 20, 21, 24, 32 ]
-473: [ 11, 15, 17, 19, 21, 32, 36 ]
-471: [ 11, 14, 27, 36 ]
-470: [ 14, 15, 17, 20, 21, 24, 36 ]
-469: [ 14, 15, 20, 21, 24, 27, 36, 49 ]
-467: [ 11, 14, 15, 19, 20, 24, 32 ]
-466: [ 11, 14, 15, 20, 27, 32, 36 ]
-465: [ 11, 17, 19, 20 ]
-463: [ 11, 14, 19, 20, 24, 27 ]
-462: [ 11, 14, 15, 17, 19, 21, 24, 27 ]
-461: [ 19, 36 ]
-458: [ 15, 24, 32, 36 ]
-457: [ 14, 19, 24, 27, 36 ]
-455: [ 14, 15, 49 ]
-454: [ 11, 15, 17, 19, 20, 21, 27, 36 ]
-453: [ 15, 17, 19, 21, 27 ]
-451: [ 11, 14, 15, 21, 32 ]
-449: [ 11, 14, 17, 20, 21, 32, 36 ]
-447: [ 15, 17, 20, 21, 36 ]
-446: [ 19, 20, 24, 36 ]
-445: [ 11, 14, 20, 27, 36 ]
-443: [ 11, 15, 19, 20, 21, 24, 32 ]
-442: [ 14, 17, 19, 27, 36 ]
-439: [ 15, 17, 21, 24 ]
-438: [ 11, 14, 15, 19, 24 ]
-437: [ 15, 17, 19, 36 ]
-435: [ 15, 17, 19, 24, 27, 32, 36 ]
-434: [ 11, 19 ]
-433: [ 11, 21, 32 ]
-431: [ 17, 21 ]
-430: [ 11, 17, 20, 21 ]
-429: [ 11, 14, 19, 20 ]
-427: [ 11, 19, 21, 27, 32, 49 ]
-426: [ 24 ]
-422: [ 14, 15, 17, 19, 21, 24, 36 ]
-421: [ 14, 15, 20, 24, 27, 36 ]
-419: [ 11, 14, 17, 24, 32 ]
-418: [ 11, 19, 21, 27, 32, 36 ]
-417: [ 14, 15, 27, 32 ]
-415: [ 14, 17, 19, 24, 27 ]
-413: [ 14, 15, 17, 36, 49 ]
-411: [ 11, 14, 17, 21, 24, 32, 36 ]
-410: [ 11, 14, 19, 20, 21, 36 ]
-409: [ 15, 20, 27, 32, 36 ]
-407: [ 11, 14 ]
-406: [ 14, 19, 20, 27, 36, 49 ]
-403: [ 17, 19, 20, 27, 32 ]
-402: [ 15, 17, 24, 32 ]
-401: [ 14, 17, 20, 32, 36 ]
-399: [ 11, 14, 19, 27, 36 ]
-398: [ 15, 17, 36 ]
-397: [ 11, 17, 19, 21, 24 ]
-395: [ 14, 24 ]
-394: [ 14, 15, 17, 20, 27, 32, 36 ]
-393: [ 14, 15, 32 ]
-391: [ 17, 19, 21, 24, 27 ]
-390: [ 11, 15, 20, 27 ]
-389: [ 11, 14, 19, 20, 21, 36 ]
-386: [ 14, 17, 19, 20, 21, 24, 36 ]
-385: [ 11, 14, 19, 20, 21, 27, 32, 36, 49 ]
-383: [ 11, 15, 20 ]
-382: [ 14, 27, 36 ]
-381: [ 17, 19, 20, 21, 27 ]
-379: [ 11, 15, 17, 27, 32 ]
-377: [ 11, 17, 19, 32, 36 ]
-374: [ 11, 17, 20, 24, 36 ]
-373: [ 14, 24, 27, 36 ]
-371: [ 24 ]
-370: [ 19, 21, 27, 32 ]
-367: [ 11, 17, 20, 21, 24, 27 ]
-366: [ 11, 14, 19, 24 ]
-365: [ 14, 15, 19, 20, 21, 36 ]
-362: [ 15, 17, 24, 32 ]
-359: [ 14, 19, 21 ]
-358: [ 14, 19 ]
-357: [ 11, 14, 15, 17, 21, 49 ]
-355: [ 11, 14, 27, 32 ]
-354: [ 14, 20, 24, 27, 32 ]
-353: [ 11, 15, 19, 36 ]
-349: [ 15, 19, 20, 21, 24, 27, 36 ]
-347: [ 15, 17, 19, 20, 21, 24, 32 ]
-346: [ 15, 17, 19, 20, 21, 27, 32, 36 ]
-345: [ 11, 14, 15, 20, 27, 32 ]
-341: [ 11, 20, 36 ]
-339: [ 11, 21, 24, 32, 36 ]
-337: [ 14, 24, 27, 32, 36 ]
-335: [ 11, 15, 17 ]
-334: [ 11, 15, 19, 20, 21, 27 ]
-331: [ 11, 15, 27, 32 ]
-330: [ 11, 14, 15, 19, 20, 24 ]
-329: [ 19, 20, 32 ]
-327: [ 15, 20, 21, 36 ]
-326: [ 14, 17, 20, 21, 24, 36 ]
-323: [ 11, 15, 17, 19, 21, 24 ]
-322: [ 11, 14, 27, 32, 36, 49 ]
-321: [ 19, 20, 21, 32 ]
-319: [ 14, 15, 27 ]
-318: [ 15, 17, 21, 24 ]
-317: [ 11, 14, 15, 17, 21, 36 ]
-314: [ 20, 24, 32, 36 ]
-313: [ 11, 17, 19, 24, 27, 36 ]
-311: [ 11, 17, 19 ]
-310: [ 14, 19, 20, 27, 36 ]
-309: [ 11, 17, 20, 27 ]
-307: [ 14, 20, 21, 32 ]
-305: [ 14, 19, 20, 21, 32, 36 ]
-303: [ 14, 15, 17, 20, 36 ]
-302: [ 11, 15, 21, 36 ]
-301: [ 11, 14, 15, 19, 20, 24, 27, 36 ]
-299: [ 17 ]
-298: [ 11, 14, 32, 36 ]
-295: [ 11, 14, 24, 27 ]
-293: [ 15, 36 ]
-291: [ 11, 19, 24, 27, 36 ]
-290: [ 15, 19, 20, 24, 32, 36 ]
-287: [ 11, 14, 15, 49 ]
-286: [ 11, 17, 20, 21, 27 ]
-285: [ 19, 20 ]
-283: [ 14, 17, 19, 20, 21, 32 ]
-282: [ 14, 19, 24, 27, 32 ]
-281: [ 14, 20, 21, 32, 36 ]
-278: [ 11, 15, 17, 24, 36 ]
-277: [ 17, 19, 24, 27, 36 ]
-274: [ 15, 27, 32, 36 ]
-273: [ 11, 14, 15, 19, 21, 27, 32, 49 ]
-271: [ 15, 19, 21, 24, 27 ]
-269: [ 11, 17, 20, 36 ]
-267: [ 11, 15, 17, 19, 20, 24, 32, 36 ]
-266: [ 14, 17, 19, 20, 24, 32, 36, 49 ]
-265: [ 11, 17, 20, 24, 27, 36 ]
-263: [ 14, 15, 19, 20, 21 ]
-262: [ 11, 17, 21 ]
-259: [ 21, 27, 32, 49 ]
-258: [ 11, 17, 19, 21, 32 ]
-257: [ 11, 15, 36 ]
-255: [ 15, 17, 21, 36 ]
-254: [ 11, 14, 19, 20, 24, 36 ]
-253: [ 11, 14, 19, 24, 27, 36 ]
-251: [ 11, 14, 19, 24, 32 ]
-249: [ 14, 17, 20, 32 ]
-247: [ 11, 14, 20, 24, 27 ]
-246: [ 11, 24 ]
-241: [ 17, 20, 21, 24, 27, 32, 36 ]
-239: [ 19, 21 ]
-238: [ 14, 21, 27, 36, 49 ]
-237: [ 15, 21, 27 ]
-235: [ 11, 17, 19, 27, 32 ]
-233: [ 17, 19, 21, 32, 36 ]
-231: [ 11, 21, 36, 49 ]
-230: [ 15, 20, 24, 36 ]
-229: [ 11, 15, 19, 20, 21, 24, 27, 36 ]
-227: [ 14, 15, 17, 20, 24, 32 ]
-226: [ 14, 15, 19, 20, 27, 36 ]
-223: [ 11, 20, 21, 24, 27 ]
-222: [ 15, 21, 24 ]
-221: [ 11, 14, 20, 21, 36 ]
-219: [ 24, 27, 36 ]
-218: [ 14, 15, 17, 19, 21, 24, 32, 36 ]
-217: [ 14, 24, 27, 32, 36, 49 ]
-215: [ 15, 17, 19 ]
-214: [ 11, 14, 15, 17, 20, 27 ]
-213: [ 11, 15, 19 ]
-211: [ 15, 17, 27, 32 ]
-210: [ 11, 14, 15, 19, 20, 21, 24, 27, 49 ]
-209: [ 17, 19, 20, 32, 36 ]
-206: [ 19, 20, 36 ]
-205: [ 14, 20, 27, 36 ]
-203: [ 11, 15, 32, 49 ]
-202: [ 11, 21, 32, 36 ]
-201: [ 11, 17, 20, 21, 27, 32 ]
-199: [ 11, 15, 17, 19, 21, 24, 27 ]
-197: [ 14, 15, 17, 19, 21, 36 ]
-195: [ 14, 15, 19, 21, 24, 32 ]
-194: [ 17, 19, 20, 24, 36 ]
-193: [ 14, 17, 24, 27, 32, 36 ]
-191: [ 11, 14, 19, 21 ]
-190: [ 11, 14, 17, 19, 20, 27, 36 ]
-187: [ 11, 14, 17, 19, 20, 21, 27, 32 ]
-186: [ 24, 32 ]
-185: [ 11, 15, 20, 32, 36 ]
-183: [ 14, 20, 27, 36 ]
-182: [ 15, 17, 24, 49 ]
-181: [ 11, 15, 17, 20, 21, 24, 27, 36 ]
-179: [ 11, 21, 24, 32 ]
-178: [ 19, 21, 27, 32, 36 ]
-177: [ 11, 14, 15, 17, 19, 32 ]
-174: [ 11, 21, 24 ]
-173: [ 15, 17, 36 ]
-170: [ 11, 15, 17, 24, 32, 36 ]
-167: [ 15, 17, 20 ]
-166: [ 15, 20, 21, 27, 36 ]
-165: [ 11, 14, 15, 20, 27 ]
-163: [ 11, 17, 19, 20, 27, 32 ]
-161: [ 14, 19, 20, 36, 49 ]
-159: [ 17, 19, 21, 36 ]
-158: [ 11, 14, 17, 19, 21, 24, 36 ]
-157: [ 11, 21, 24, 27 ]
-155: [ 11, 15, 21, 32 ]
-154: [ 11, 14, 15, 20, 27, 36, 49 ]
-151: [ 14, 15, 24, 27 ]
-149: [ 14, 19, 20, 21, 36 ]
-146: [ 11, 20, 32, 36 ]
-145: [ 20, 24, 27, 36 ]
-143: [ 15, 17, 20 ]
-142: [ 14, 19, 27, 36 ]
-141: [ 11, 14, 20 ]
-139: [ 14, 15, 17, 19, 21, 27, 32 ]
-138: [ 19, 24, 27 ]
-137: [ 11, 14, 15, 19, 36 ]
-134: [ 14, 19, 20, 21, 24, 36 ]
-133: [ 11, 14, 17, 19, 21, 27, 36, 49 ]
-131: [ 14, 17, 19, 24, 32 ]
-130: [ 11, 14, 17, 19, 20, 27, 32, 36 ]
-129: [ 17, 20, 21, 32 ]
-127: [ 14, 20, 24, 27 ]
-123: [ 15, 19, 24, 32, 36 ]
-122: [ 15, 17, 24, 32, 36 ]
-119: [ 14, 17, 19, 49 ]
-118: [ 21, 27 ]
-115: [ 11, 14, 19, 21, 27, 32 ]
-114: [ 11, 14, 19, 20, 32 ]
-113: [ 11, 14, 15, 21, 32, 36 ]
-111: [ 11, 19, 27 ]
-110: [ 11, 15, 24 ]
-109: [ 15, 17, 20, 24, 36 ]
-107: [ 15, 17, 20, 21, 24, 32 ]
-106: [ 14, 19, 32, 36 ]
-105: [ 14, 15, 20, 21, 32, 49 ]
-103: [ 20, 21, 24, 27 ]
-102: [ 11, 14, 15, 17, 19, 24, 27 ]
-101: [ 19, 20, 36 ]
-97: [ 11, 17, 21, 27, 32, 36 ]
-95: [ 14, 19, 21 ]
-94: [ 15, 20, 27, 36 ]
-93: [ 11, 14, 15, 19, 27 ]
-91: [ 11, 15, 17, 21, 27, 32, 49 ]
-89: [ 11, 32, 36 ]
-87: [ 15, 20, 21, 36 ]
-86: [ 14, 20, 21, 24, 36 ]
-85: [ 14, 17, 19, 20, 24, 27, 36 ]
-83: [ 14, 15, 20, 24, 32 ]
-82: [ 11, 17, 19, 27, 32, 36 ]
-79: [ 14, 15, 17, 24, 27 ]
-78: [ 11, 14, 15, 17, 24 ]
-77: [ 11, 14, 19, 36 ]
-74: [ 14, 17, 19, 20, 21, 24, 32, 36 ]
-73: [ 17, 19, 21, 24, 27, 32, 36 ]
-71: [ 11, 14, 17, 21 ]
-70: [ 11, 14, 20, 21, 27, 36 ]
-69: [ 11, 20 ]
-67: [ 11, 20, 27, 32 ]
-66: [ 11, 19, 20, 27, 32 ]
-65: [ 14, 20, 21, 36 ]
-62: [ 17, 19, 24, 36 ]
-61: [ 15, 17, 19, 20, 21, 24, 27 ]
-59: [ 11, 14, 24, 32 ]
-58: [ 11, 14, 17, 19, 27, 32, 36 ]
-57: [ 14, 15, 17, 19, 27, 32 ]
-55: [ 11, 19, 24, 27 ]
-53: [ 11, 15, 21, 36 ]
-51: [ 17, 24, 32, 36 ]
-47: [ 15, 19, 20 ]
-46: [ 14, 15, 20, 27, 36 ]
-43: [ 19, 20, 27, 32 ]
-42: [ 11, 14, 15, 19, 21, 24, 32, 49 ]
-41: [ 20, 36 ]
-39: [ 14, 19, 27, 36 ]
-38: [ 11, 15, 24 ]
-37: [ 11, 14, 17, 24, 27, 36 ]
-35: [ 15, 19, 24, 32, 49 ]
-34: [ 11, 15, 17, 20, 27, 36 ]
-33: [ 11, 15, 21, 32 ]
-31: [ 11, 15, 17, 21, 24 ]
-30: [ 14, 15, 19, 20, 24, 27 ]
-29: [ 17, 21, 36 ]
-26: [ 11, 24, 32 ]
-23: [ 11, 15, 17, 20, 21 ]
-22: [ 11, 14, 17, 27, 36 ]
-21: [ 14, 20, 21, 27, 49 ]
-19: [ 14, 15, 19, 21, 27, 32 ]
-17: [ 17, 19, 32, 36 ]
-15: [ 11, 14, 15, 36 ]
-14: [ 11, 14, 20, 36, 49 ]
-13: [ 21, 24, 27, 36 ]
-11: [ 11, 17, 19, 21, 24, 32 ]
-10: [ 17, 20, 21, 27, 32, 36 ]
-7: [ 14, 17, 19, 20, 21, 24, 27, 49 ]
-6: [ 17, 19, 20, 21, 24 ]
-5: [ 11, 15, 17, 19, 20, 36 ]
-3: [ 11, 14, 15, 17, 20, 21, 24, 27, 32, 36 ]
-2: [ 14, 15, 21, 24, 32, 36 ]
-1: [ 11, 14, 15, 19, 20, 24, 27, 32, 36 ]
2: [ 14, 15, 17, 20, 24, 32, 49 ]
3: [ 11, 20, 21, 24, 27, 32, 36, 49 ]
5: [ 11, 14, 15, 19, 20, 21, 24, 36, 49 ]
6: [ 15, 19, 21, 36, 49 ]
7: [ 19, 20, 21, 24, 27 ]
10: [ 27, 32 ]
11: [ 14, 19, 32 ]
13: [ 14, 17, 27, 36, 49 ]
14: [ 11, 24 ]
15: [ 11, 14, 17, 24, 36, 49 ]
17: [ 15, 19, 21, 32, 36, 49 ]
19: [ 15, 24, 27, 32, 49 ]
21: [ 14, 15, 17, 20, 27 ]
22: [ 20, 21, 27, 49 ]
23: [ 11, 14, 15, 19, 20, 49 ]
26: [ 11, 19, 21, 24, 32, 49 ]
29: [ 20, 24, 36, 49 ]
30: [ 14, 17, 19, 27, 36, 49 ]
31: [ 11, 15, 24, 27, 49 ]
33: [ 17, 21, 24, 32, 49 ]
34: [ 11, 27, 49 ]
35: [ 15, 17, 19, 32 ]
37: [ 11, 21, 27, 49 ]
38: [ 11, 17, 20, 21, 24, 49 ]
39: [ 14, 15, 19, 27, 36, 49 ]
41: [ 20, 21, 36, 49 ]
42: [ 11, 17, 19, 20, 32, 36 ]
43: [ 14, 17, 19, 20, 21, 24, 32 ]
46: [ 14, 15, 21, 27, 49 ]
47: [ 11, 15, 17, 19, 20, 21 ]
51: [ 15, 24, 32, 36, 49 ]
53: [ 11, 15, 17, 24, 36 ]
55: [ 17, 19, 27, 49 ]
57: [ 14, 24, 27, 32 ]
58: [ 14, 19, 20, 21, 32, 49 ]
59: [ 11, 17, 21, 32, 49 ]
61: [ 14, 15, 19, 20, 27, 36, 49 ]
62: [ 15, 19, 20, 21, 24 ]
65: [ 14, 15, 20, 49 ]
66: [ 15, 19, 21, 27, 32, 36 ]
67: [ 11, 14, 17, 20, 21, 24, 27, 32, 49 ]
69: [ 11, 14, 15, 17, 20, 21, 49 ]
70: [ 11, 17, 21, 27 ]
71: [ 11, 49 ]
73: [ 19, 27, 32, 36, 49 ]
74: [ 14, 19, 24, 32, 49 ]
77: [ 14, 15, 17, 19, 24, 36 ]
78: [ 11, 14, 20, 49 ]
79: [ 15, 21, 24, 27 ]
82: [ 11, 19, 20, 32, 49 ]
83: [ 15, 17, 19, 20, 21, 32, 49 ]
85: [ 19, 20, 21, 36, 49 ]
86: [ 14, 24, 49 ]
87: [ 17, 20, 24, 36, 49 ]
89: [ 11, 17, 21, 32, 36, 49 ]
91: [ 21, 24, 27, 32 ]
93: [ 11, 17, 19, 49 ]
94: [ 15, 17, 27, 49 ]
95: [ 14, 15, 49 ]
97: [ 11, 24, 27, 32, 36, 49 ]
101: [ 14, 17, 19, 21, 24, 36, 49 ]
102: [ 11, 14, 19, 27, 36, 49 ]
103: [ 11, 20, 24, 27, 49 ]
105: [ 20, 32 ]
106: [ 14, 15, 17, 19, 32, 49 ]
107: [ 14, 20, 32, 49 ]
109: [ 15, 20, 36, 49 ]
110: [ 15, 17, 24, 49 ]
111: [ 11, 15, 17, 19, 24, 27, 36, 49 ]
113: [ 11, 14, 15, 32, 36, 49 ]
114: [ 11, 14, 15, 32, 49 ]
115: [ 11, 17, 19, 24, 27, 32, 49 ]
118: [ 20, 27, 49 ]
119: [ 19 ]
122: [ 15, 20, 21, 24, 32 ]
123: [ 14, 17, 19, 20, 24, 32, 36, 49 ]
127: [ 14, 20, 21, 24, 27, 49 ]
129: [ 15, 20, 24, 27, 32, 49 ]
130: [ 11, 14, 21, 27, 32, 49 ]
131: [ 19, 21, 32, 49 ]
133: [ 11, 14, 21, 27, 36 ]
134: [ 14, 17, 19 ]
137: [ 11, 14, 15, 17, 19, 36, 49 ]
138: [ 17, 20, 21, 27, 36 ]
139: [ 15, 19, 24, 27, 32, 49 ]
141: [ 11, 15, 20, 49 ]
142: [ 21 ]
143: [ 15, 20, 21, 49 ]
145: [ 24, 27, 36, 49 ]
146: [ 11, 21, 32, 49 ]
149: [ 17, 19, 20, 24, 36 ]
151: [ 14, 15, 17, 21, 24, 27, 49 ]
154: [ 15, 17, 27 ]
155: [ 11, 14, 15, 17, 32 ]
157: [ 11, 14, 27, 36, 49 ]
158: [ 15, 19, 20, 24, 49 ]
159: [ 11, 19, 21, 24, 36 ]
161: [ 17, 19, 20, 36 ]
163: [ 14, 20, 21, 24, 27, 32, 49 ]
165: [ 20, 27, 49 ]
166: [ 15, 27, 49 ]
167: [ 15, 20 ]
170: [ 11, 14, 15, 24, 32, 49 ]
173: [ 14, 15, 21, 24, 36, 49 ]
174: [ 17, 21, 27, 36, 49 ]
177: [ 11, 14, 19, 24, 32, 49 ]
178: [ 19, 27, 32, 49 ]
179: [ 11, 14, 17, 32, 49 ]
181: [ 11, 14, 20, 27, 36, 49 ]
182: [ 15, 19, 20, 24 ]
183: [ 14, 17, 20, 24, 27, 49 ]
185: [ 11, 15, 20, 21, 32, 36, 49 ]
186: [ 14, 17, 32, 36 ]
187: [ 19, 20, 24, 27, 32, 49 ]
190: [ 11, 14, 21, 27, 49 ]
191: [ 11, 17, 19, 49 ]
193: [ 14, 21, 27, 32 ]
194: [ 19, 24, 49 ]
195: [ 19, 24, 32, 36, 49 ]
197: [ 15, 19, 24, 36 ]
199: [ 11, 15, 19, 24, 27, 49 ]
201: [ 11, 15, 19, 20, 21, 24, 27, 32 ]
202: [ 11, 17, 20, 32, 49 ]
203: [ 11, 15, 17, 20, 32 ]
205: [ 17, 20, 21, 27, 36, 49 ]
206: [ 19, 21, 24 ]
209: [ 20, 32, 36, 49 ]
210: [ 11, 19, 27, 36 ]
211: [ 14, 15, 21, 24, 27, 32, 49 ]
213: [ 11, 14, 17, 19, 21, 49 ]
214: [ 11, 15, 19, 21, 27, 49 ]
215: [ 15, 19, 21, 49 ]
217: [ 17, 24, 27, 32 ]
218: [ 11, 14, 15, 19, 20, 24, 32, 49 ]
219: [ 14, 17, 24, 27, 36, 49 ]
221: [ 11, 20, 24, 36, 49 ]
222: [ 17, 21, 36 ]
223: [ 11, 17, 20, 24, 49 ]
226: [ 14, 15, 19, 21, 27 ]
227: [ 15, 20, 21, 32, 49 ]
229: [ 11, 14, 17, 19, 36, 49 ]
230: [ 15, 17, 49 ]
231: [ 24, 36 ]
233: [ 15, 19, 32, 36, 49 ]
235: [ 11, 19, 21, 24, 32, 49 ]
237: [ 14, 17, 21, 27 ]
238: [ 20, 21, 27 ]
239: [ 14, 17, 19, 49 ]
241: [ 15, 20, 27, 32, 36, 49 ]
246: [ 11, 14, 15, 17, 27, 36, 49 ]
247: [ 11, 14, 17, 20, 21, 24, 27, 49 ]
249: [ 14, 15, 20, 24, 32, 49 ]
251: [ 11, 19, 21, 32, 49 ]
253: [ 17, 21, 36, 49 ]
254: [ 11, 14, 17, 19, 24, 49 ]
255: [ 21, 24, 27, 36, 49 ]
257: [ 11, 15, 17, 21, 36, 49 ]
258: [ 11, 19, 20, 21, 32, 36, 49 ]
259: [ 15, 17, 27, 32 ]
262: [ 11, 20, 27, 49 ]
263: [ 14, 15, 19, 20, 49 ]
265: [ 20, 24, 27, 36, 49 ]
266: [ 32 ]
267: [ 11, 19, 20, 24, 32, 36, 49 ]
269: [ 11, 14, 20, 21, 24, 36, 49 ]
271: [ 15, 17, 19, 24, 27, 49 ]
273: [ 17, 19, 24, 27, 32 ]
274: [ 15, 17, 27, 32, 49 ]
277: [ 19, 21, 27, 36, 49 ]
278: [ 11, 15, 20, 21, 49 ]
281: [ 14, 17, 20, 32, 36, 49 ]
282: [ 19, 20, 27, 32, 36, 49 ]
283: [ 19, 20, 24, 27, 32, 49 ]
285: [ 14, 20, 21, 49 ]
286: [ 15, 19, 27, 49 ]
287: [ 11, 15, 20 ]
290: [ 11, 15, 19, 21, 24, 32, 49 ]
291: [ 11, 14, 15, 19, 24, 27, 36, 49 ]
293: [ 14, 15, 21, 24, 36, 49 ]
295: [ 11, 14, 21, 24, 49 ]
298: [ 11, 14, 17, 27, 32, 49 ]
299: [ 21 ]
301: [ 11, 14, 15, 19, 20, 21, 27, 36 ]
302: [ 14, 15, 19, 20, 24, 49 ]
303: [ 14, 20, 24, 36, 49 ]
305: [ 14, 15, 17, 19, 20, 32, 49 ]
307: [ 17, 20, 24, 27, 32, 49 ]
309: [ 11, 15, 19, 20, 27, 49 ]
310: [ 14, 17, 19 ]
311: [ 11, 19, 21 ]
313: [ 11, 19, 24, 27, 36, 49 ]
314: [ 17, 21, 24, 32, 49 ]
317: [ 11, 15, 24, 36, 49 ]
318: [ 20, 21, 36, 49 ]
319: [ 14, 15, 17, 24, 27 ]
321: [ 15, 17, 20, 21, 24, 32, 49 ]
322: [ 11, 17, 20, 21, 27, 32 ]
323: [ 11, 14, 20, 49 ]
326: [ 24, 49 ]
327: [ 17, 19, 20, 21, 36, 49 ]
329: [ 19, 20, 32 ]
330: [ 14, 19, 49 ]
331: [ 11, 14, 15, 17, 21, 24, 27, 32, 49 ]
334: [ 11, 15, 19, 27, 49 ]
335: [ 11, 21, 49 ]
337: [ 14, 24, 27, 32, 36, 49 ]
339: [ 11, 15, 19, 21, 24, 32, 36, 49 ]
341: [ 14, 17, 20, 21, 24, 36, 49 ]
345: [ 11, 20, 24, 27, 32, 49 ]
346: [ 11, 32, 49 ]
347: [ 14, 15, 19, 20, 32 ]
349: [ 14, 15, 19, 27, 49 ]
353: [ 11, 15, 19, 21, 36, 49 ]
354: [ 14, 15, 27, 32 ]
355: [ 11, 17, 24, 27, 32, 49 ]
357: [ 11, 14 ]
358: [ 14, 17, 19, 20, 21, 27 ]
359: [ 14, 17, 19, 49 ]
362: [ 15, 20, 21, 24, 32, 49 ]
365: [ 15, 17, 19, 20, 24, 36, 49 ]
366: [ 11, 14, 15, 17, 19, 36, 49 ]
367: [ 11, 19, 20, 24, 27, 49 ]
370: [ 19, 27, 32 ]
371: []
373: [ 17, 27 ]
374: [ 21, 49 ]
377: [ 11, 19, 21, 32, 36, 49 ]
379: [ 11, 14, 15, 21, 24, 27, 32, 49 ]
381: [ 15, 19, 20, 21, 27 ]
382: [ 17, 21, 27 ]
383: [ 11, 15, 20, 21 ]
385: [ 19, 21, 27, 32, 36 ]
386: [ 11, 14, 19, 24, 49 ]
389: [ 11, 17, 19, 20, 24, 36, 49 ]
390: [ 11, 17, 21, 27, 36, 49 ]
391: [ 15, 19, 24, 49 ]
393: [ 14, 17, 24, 32, 49 ]
394: [ 14, 15, 21, 27, 32, 49 ]
395: [ 15, 17, 21, 49 ]
397: [ 11, 14, 19, 36, 49 ]
398: [ 15, 21, 24 ]
399: [ 11, 27, 36 ]
401: [ 14, 20, 32, 36, 49 ]
402: [ 20, 21, 32, 36, 49 ]
403: [ 19, 20, 21, 24, 27, 32, 49 ]
406: [ 15, 17, 19 ]
407: [ 14, 17, 20 ]
409: [ 15, 20, 27, 32, 36, 49 ]
410: [ 11, 14, 15, 17, 19, 24, 49 ]
411: [ 11, 15, 21, 24, 32, 36 ]
413: [ 14, 24, 36 ]
415: [ 14, 24, 27, 49 ]
417: [ 14, 17, 24, 27, 32, 49 ]
418: [ 20, 27, 32, 49 ]
419: [ 19, 21, 32, 49 ]
421: [ 15, 17, 20, 21, 27, 36, 49 ]
422: [ 11, 14, 15, 19, 20, 24, 49 ]
426: [ 15, 17, 21, 27, 36 ]
427: [ 11, 17, 19, 21, 24, 27, 32 ]
429: [ 15, 17, 19, 20, 49 ]
430: [ 11, 27, 49 ]
431: [ 14, 49 ]
433: [ 11, 17, 24, 27, 32, 49 ]
434: [ 11, 19, 24 ]
435: [ 19, 24, 27, 32, 36, 49 ]
437: [ 14, 15, 21, 24, 36 ]
438: [ 11, 17, 19, 20, 36, 49 ]
439: [ 15, 24, 27, 49 ]
442: [ 20, 21, 27, 49 ]
443: [ 11, 14, 15, 19, 20, 32, 49 ]
445: [ 11, 20, 21, 27, 36, 49 ]
446: [ 17, 19, 24, 49 ]
447: [ 20, 21, 24, 36 ]
449: [ 11, 14, 20, 32, 36, 49 ]
451: [ 15, 24, 27, 32, 49 ]
453: [ 14, 19, 21, 27 ]
454: [ 11, 15, 19, 49 ]
455: [ 11, 17 ]
457: [ 14, 17, 19, 36, 49 ]
458: [ 15, 20, 21, 24, 32, 49 ]
461: [ 14, 19, 20, 21, 24, 36, 49 ]
462: [ 19, 20, 27, 36 ]
463: [ 11, 14, 17, 19, 20, 21, 24, 27, 49 ]
465: [ 11, 19, 21, 24 ]
466: [ 21, 27, 32, 49 ]
467: [ 11, 15, 17, 19, 20, 21, 32, 49 ]
469: [ 15, 20, 21, 27 ]
470: [ 14, 24 ]
471: [ 11, 14, 15, 24, 27, 49 ]
473: [ 15, 19, 32, 36, 49 ]
474: [ 11, 15, 17, 32, 36 ]
478: [ 14, 17, 20, 21, 27, 49 ]
479: [ 21, 49 ]
481: [ 19, 27, 32, 36, 49 ]
482: [ 15, 19, 20, 21, 24, 32, 49 ]
483: [ 20, 24, 32, 36 ]
485: [ 11, 15, 17, 20, 24, 49 ]
487: [ 11, 14, 20, 21, 24, 27, 49 ]
489: [ 11, 15, 17, 20, 21, 24, 27, 32, 49 ]
491: [ 14, 19, 32, 49 ]
493: [ 11, 14, 27, 36 ]
494: [ 14, 17, 24, 49 ]
497: [ 15, 17, 32, 36 ]
498: [ 11, 14, 20, 27, 32, 36 ]
499: [ 14, 15, 19, 21, 24, 27, 32, 49 ]
501: [ 15, 17, 19, 20, 49 ]
502: [ 17, 20, 49 ]
503: [ 15, 19, 20, 21, 49 ]
505: [ 14, 19, 21, 24, 36, 49 ]
506: [ 17, 24, 32 ]
509: [ 11, 14, 17, 20, 21, 24, 36, 49 ]
510: [ 11, 19, 21, 36, 49 ]
511: [ 11, 15, 19, 21, 24, 27 ]
514: [ 15, 17, 19, 27, 49 ]
515: [ 11, 14, 15, 32, 49 ]
